% dados das barras SEM redespacho (geracao = demanda)
% N    G1min [MW]  G1max [MW] D1 [MW] G2min [MW]  G2max [MW] D2 [MW]
    1         0         0         0         0         0         0
    2         0         0    0.4431         0         0    0.4431
    3         0         0         0         0         0         0
    4         0         0    0.3007         0         0    0.3007
    5         0         0    0.2380         0         0    0.2380
    6         0         0         0         0         0         0
    7         0         0         0         0         0         0
    8         0         0    0.0722         0         0    0.0722
    9         0         0         0         0         0         0
    10        0         0         0         0         0         0
    11        0         0         0         0         0         0
    12        0         0    0.5119         0         0    0.5119
    13        0         0    0.1858         0         0    0.1858
    14        0    0.9440         0         0    0.9440         0
    15        0         0         0         0         0         0
    16        0    1.3660         0         0    1.3660         0
    17        0    1.0000         0         0    1.0000         0
    18        0         0         0         0         0         0
    19        0    0.7730         0         0    0.7730         0
    20        0         0    1.0912         0         0    1.0912
    21        0         0         0         0         0         0
    22        0         0    0.0819         0         0    0.0819
    23        0         0    0.4581         0         0    0.4581
    24        0         0    0.4782         0         0    0.4782
    25        0         0         0         0         0         0
    26        0         0    0.2319         0         0    0.2319
    27        0    0.0540         0         0    0.0540         0
    28        0    0.7300         0         0    0.7300         0
    29        0         0         0         0         0         0
    30        0         0         0         0         0         0
    31        0    0.3100         0         0    0.3100         0
    32        0    0.4500         0         0    0.4500         0
    33        0         0    0.2291         0         0    0.2291
    34        0    0.2210         0         0    0.2210         0
    35        0         0    0.2160         0         0    0.2160
    36        0         0    0.0901         0         0    0.0901
    37        0    0.2120         0         0    0.2120         0
    38        0         0    0.2160         0         0    0.2160
    39        0    0.2210         0         0    0.2210         0
    40        0         0    0.2621         0         0    0.2621
    41        0         0         0         0         0         0
    42        0         0    1.6079         0         0    1.6079
    43        0         0         0         0         0         0
    44        0         0    0.0791         0         0    0.0791
    45        0         0    0.0867         0         0    0.0867
    46        0    0.5990         0         0    0.5990         0

% dados das linhas
%  de para   N0     X [%] fmax [MW]   C [pu$]
    1    7    1      6.16     270.0    4349.0
    1    2    2     10.65     270.0    7076.0
    4    9    1      9.24     270.0    6217.0
    5    9    1     11.73     270.0    7732.0
    5    8    1     11.32     270.0    7480.0
    7    8    1     10.23     270.0    6823.0
    4    5    2      5.66     270.0    4046.0
    2    5    2      3.24     270.0    2581.0
    8   13    1     13.48     240.0    8793.0
    9   14    2     17.56     220.0   11267.0
   12   14    2      7.40     270.0    5106.0
   14   18    2     15.14     240.0    9803.0
   13   18    1     18.05     220.0   11570.0
   13   20    1     10.73     270.0    7126.0
   18   20    1     19.97     200.0   12732.0
   19   21    1      2.78    1500.0   32632.0
   16   17    1      0.78    2000.0   10505.0
   17   19    1      0.61    2000.0    8715.0
   14   26    1     16.14     220.0   10409.0
   14   22    1      8.40     270.0    5712.0
   22   26    1      7.90     270.0    5409.0
   20   23    2      9.32     270.0    6268.0
   23   24    2      7.74     270.0    5308.0
   26   27    2      8.32     270.0    5662.0
   24   34    1     16.47     220.0   10611.0
   24   33    1     14.48     240.0    9399.0
   33   34    1     12.65     270.0    8288.0
   27   36    1      9.15     270.0    6167.0
   27   38    2     20.80     200.0   13237.0
   36   37    1     10.57     270.0    7025.0
   34   35    2      4.91     270.0    3591.0
   35   38    1     19.80     200.0   12631.0
   37   39    1      2.83     270.0    2329.0
   37   40    1     12.81     270.0    8389.0
   37   42    1     21.05     200.0   13388.0
   39   42    3     20.30     200.0   12934.0
   40   42    1      9.32     270.0    6268.0
   38   42    3      9.07     270.0    6116.0
   32   43    1      3.09    1400.0   35957.0
   42   44    1     12.06     270.0    7934.0
   44   45    1     18.64     200.0   11924.0
   19   32    1      1.95    1800.0   23423.0
   46   19    1      2.22    1800.0   26365.0
   46   16    1      2.03    1800.0   24319.0
   18   19    1      1.25     600.0    8178.0
   20   21    1      1.25     600.0    8178.0
   42   43    1      1.25     600.0    8178.0
    2    4    0      8.82     270.0    5965.0
   14   15    0      3.74     270.0    2884.0
   46   10    0      0.81    2000.0   10889.0
    4   11    0     22.46     240.0   14247.0
    5   11    0      9.15     270.0    6167.0
   46    6    0      1.28    2000.0   16005.0
   46    3    0      2.03    1800.0   24319.0
   16   28    0      2.22    1800.0   26365.0
   16   32    0      3.11    1400.0   36213.0
   17   32    0      2.32    1700.0   27516.0
   19   25    0      3.25    1400.0   37748.0
   21   25    0      1.74    2000.0   21121.0
   25   32    0      3.19    1400.0   37109.0
   31   32    0      0.46    2000.0    7052.0
   28   31    0      0.53    2000.0    7819.0
   28   30    0      0.58    2000.0    8331.0
   27   29    0      9.98     270.0    6672.0
   26   29    0      5.41     270.0    3894.0
   28   41    0      3.39    1300.0   39283.0
   28   43    0      4.06    1200.0   46701.0
   31   41    0      2.78    1500.0   32632.0
   32   41    0      3.09    1400.0   35957.0
   41   43    0      1.39    2000.0   17284.0
   40   45    0     22.05     180.0   13994.0
   15   16    0      1.25     600.0    8178.0
   46   11    0      1.25     600.0    8178.0
   24   25    0      1.25     600.0    8178.0
   29   30    0      1.25     600.0    8178.0
   40   41    0      1.25     600.0    8178.0
    2    3    0      1.25     600.0    8178.0
    5    6    0      1.25     600.0    8178.0
    9   10    0      1.25     600.0    8178.0
